Printing effective instructions for individual 839,1,5,5,2,6,4,4,1,2,2,6,2,2,1,4,3,6,3,10,3,8,3,1,5,2,5,1,4,1,4,3,6,1,1,6,1,1,2,5,1,3,2,2,7,1,1,4,8,5,3,8,3,2,2,2,1,3,4,2,2,1,2,2,4,2,5,14,11,2,1,3,1,3,3,2,2,4,3,7,6,6,3,16,1,2,3,8,16,1,12,2,12,11,1,3,2,1,5,3,5,1,5,2,3,8,1,15,7,4,1,7,7,15,5,11,2,7,11,7,10,4,7,2,9,6,3,9,3,4,6,17,4,3,14,3,2,11,2,17,7,23,2,1,5,2,5,2,2,2,11,5,12,5,1,2,4,7,12,4,10,3,25,3,11,4,3,3,6,2,6,14,22,12,9,22,10,1,4,22,2,7,23,7,31,8,1,12,1,9,14,39,14,17,29,27,6,1,17,12,53,1,4,10,37,25,1,7,19,6,15,14,1,4,7,21,4,7,42,5,30,1,22,22,11,3,11,23,18,8,11,46,5,5,2,10,2
R1 = R2 * INP0
R2 = INP0 + R1
R0 = R2 * R2
R3 = 8 * INP1
3 > R3:
R1 = 8 / INP1
R3 = R0 / R1
R1 = R1 * INP1
R2 = 4 - R0
R1 > R3:
R1 = R1 + INP1
R1 = R1 + INP1
1 > R2:
R3 = R2 - INP0
R1 = R1 * 4
R0 = R1 - R3
R3 > 1:
R3 > INP0:
R3 = 8 + 2
R3 > 3:
R0 = 9 / R0
R0 > 1:
R0 = 3 - R3
R0 > R3:
R0 = R0 * R3

