Printing effective instructions for individual 260,2,8,4,1,2,2,2,3,1,3,7,8,3,1,3,6,2,2,3,1,1,1,5,4,4,1,2,7,3,7,3,7,1,1,4,2,6,1,3,7,4,1,5,5,8,1,1,4,2,3,4,10,4,3,4,6,1,5,3,4,7,3,3,5,8,1,5,2,10,3,2,9,8,3,5,2,2,4,2,5,9,2,2,1,6,4,5,3,3,1,3,8,2,5,3,5,5,4,1,23,9,6,2,2,1,6,7,10,1,8,2,7,15,5,12,21,2,4,28,10,17,33,2,4,3,3,1,6,1,31,14,11,2,3,11,16,23,1,12,3,6,1,12,4,1,1,11,2,6,2,10,5,6,8,2,12,2,4,12,1,1,5,46,9,17,22,10,1,4,8,17,12,2,2,6,8,4,7,26,6,12,1,2,4,8,15,2,3,1,1,12,5,2,13,7,22,25,12,12,27,26,3,7,12,11,20,5,10,16,7,4,25,3,14,6,3,2,8,10,4,5,3,11,6,1,27,1,7,63,2,6,15,21,2,9,7,7,3,1,1,2,26,16,2,16,2,1,9,6,39,35,11,6,7,24,9,1,14,10,24,5,9,8,6,3,3,1,3,7,9,12,19,2,10,1,7,2,7,9,8,2,8,23,15,17,12,18,5,41,33,21,4,1,4,1,11,25,33,15,7,2,55,7,6,1,10,22,13,20,4,16,16,6,30,15,1,15,13,4,4,1,5,8,9,3,6,1,20,7,7,4,6,3,13,43,39,3,10,25,12,10
R1 = 2 - INP1
R0 = R0 + R1
R0 = R0 - INP1
R2 = R1 * R0
R0 = R0 + INP0
R1 = R0 / 6
R3 = R1 / R3
R1 = R1 + INP0
INP0 > R3:
R3 = INP1 - R1
R3 = R3 + R3
R3 = R3 + R3
R3 > INP1:
INP1 > R1:
R0 = R0 + 8
R0 = R0 + INP0
R3 > INP0:
R0 > 5:
R3 = R0 - 8
R0 = 1 + R0
R3 = R3 - INP0
R3 = R3 - INP0
R3 = R3 - INP0
R0 = R0 * R3
R0 = R2 + R0

