rng: 	 Generator(PCG64)
model: 	 <class 'LGP.LGP.LGP'>
model_param: 	 <LGP.parameters.Parameters object at 0x000001CFE1E853C0>
fitness_maximized: 	 False
parent_selection_method: 	 <function parent_tourney_selection at 0x000001CFD81B0AF0>
survivor_selection_method: 	 <function survivor_tourney_selection at 0x000001CFD81B0C10>
_num_eval_per_gen: 	 1000
mut_rate: 	 1
recomb_rate: 	 0.5
dataX: 	 [[2.61612134 4.40504519]
 [2.98491143 3.02303366]
 [8.14225741 6.13327676]
 [0.91915942 2.85432606]
 [6.00100526 9.0963301 ]
 [7.28560527 9.61869958]
 [1.87901073 0.59434865]
 [0.55146627 2.09059719]
 [2.74969368 5.63023183]
 [6.57433015 7.70660229]
 [5.62265663 0.64024231]
 [1.50062263 1.84802684]
 [4.32630791 4.56720122]
 [6.69297299 6.68690759]
 [4.22784673 9.03327927]
 [6.33184399 8.66972964]
 [9.67435952 7.93755415]
 [6.83064822 0.52732143]
 [3.91624833 9.76636493]
 [1.8725257  6.14627949]
 [3.45960666 0.86115815]
 [5.11065974 2.54928775]
 [8.9120941  6.20754085]
 [7.75563942 3.85640117]
 [3.18146601 4.46603475]
 [9.24216897 8.04585066]
 [4.70909885 8.24030977]
 [6.93758842 5.4678698 ]
 [1.07207308 7.92451104]
 [1.04543558 4.06004929]
 [2.01907448 9.74481837]
 [8.84449674 6.05159165]
 [6.79811461 9.67697983]
 [8.49236324 0.43987692]
 [6.44436269 8.82692653]
 [4.06542398 5.59377188]
 [5.16578194 7.13639031]
 [5.93443518 1.92594975]
 [8.62117985 5.48691376]
 [4.38186166 2.89277924]
 [8.9224011  1.05480477]
 [6.13716938 0.03186771]
 [8.29356126 9.0684002 ]
 [4.98056055 6.70904315]
 [6.92518132 2.05021732]
 [3.39025375 2.57818678]
 [5.22828504 4.65594312]
 [2.16223391 8.18287253]
 [1.00703602 1.17625603]
 [0.3860413  9.6778483 ]
 [7.01949476 9.43910766]
 [4.56430621 2.44660096]
 [8.97734147 6.4078186 ]
 [8.35183205 3.60097533]
 [3.85095134 6.97323345]
 [9.7367877  0.869161  ]
 [5.92062011 4.6996588 ]
 [7.65883314 5.88490804]
 [4.07194358 6.26475736]
 [1.96169912 6.92795474]
 [1.71777015 8.91381373]
 [1.81206226 2.4125021 ]
 [6.03805517 1.53194317]
 [1.12632855 3.90606937]
 [0.19910749 5.68828148]
 [8.32996964 9.60528761]
 [0.99411118 7.10505586]
 [4.50584536 7.38442551]
 [4.88498573 9.72717054]
 [6.20272408 2.67743163]
 [5.04014482 2.59461626]
 [9.37343144 4.22540838]
 [7.50396594 2.95420007]
 [5.74466498 6.51103385]
 [6.17272137 9.51713921]
 [5.06551492 1.53511493]
 [9.64761809 5.17947682]
 [2.26626063 6.77578099]
 [6.89027137 4.93177667]
 [5.55096679 9.13743841]
 [0.42011789 7.36897986]
 [2.9615     8.82176796]
 [9.27166935 1.11764988]
 [7.84564857 1.95763503]
 [0.12831094 0.65704226]
 [2.9662633  8.29319498]
 [0.09805349 9.62818662]
 [8.27466943 0.13991021]
 [1.10367592 7.89253644]
 [0.57455179 7.27831199]
 [9.81883343 9.08186794]
 [4.45869879 2.70385473]
 [3.18392999 7.14777183]
 [0.4901339  2.37422881]
 [3.89595284 0.760332  ]
 [3.66039057 7.45204063]
 [5.23480788 0.42212971]
 [0.06785466 6.99594463]
 [1.4796288  2.83462465]
 [2.09886526 4.87423395]]
dataY: 	 [1. 1. 1. 0. 0. 0. 1. 0. 1. 0. 1. 1. 1. 0. 0. 0. 0. 1. 0. 0. 1. 1. 1. 1.
 1. 0. 0. 0. 0. 0. 0. 1. 0. 1. 0. 1. 0. 1. 1. 1. 1. 1. 0. 0. 1. 1. 0. 0.
 1. 0. 0. 1. 1. 1. 0. 1. 0. 0. 0. 0. 0. 1. 1. 0. 0. 0. 0. 0. 0. 1. 1. 1.
 1. 0. 0. 1. 1. 0. 0. 0. 0. 0. 1. 1. 0. 0. 0. 1. 0. 0. 0. 1. 0. 0. 1. 0.
 1. 0. 1. 1.]
weights: 	 [1, 1, 0, 1, 0, 0, 1, 1, 1, 0, 1, 1, 1, 0, 0, 0, 0, 1, 0, 1, 1, 1, 0, 0, 1, 0, 0, 0, 1, 1, 0, 0, 0, 1, 0, 0, 0, 1, 0, 1, 0, 1, 0, 0, 1, 1, 0, 0, 1, 0, 0, 1, 0, 0, 0, 0, 0, 0, 0, 1, 0, 1, 1, 1, 1, 0, 1, 0, 0, 1, 1, 0, 0, 0, 0, 1, 0, 1, 0, 0, 1, 0, 0, 0, 1, 0, 1, 1, 1, 1, 0, 1, 0, 1, 1, 0, 1, 1, 1, 1]
_num_parent_rs: 	 1000
_replacement_rs: 	 True
_tourney_size: 	 10
_replacement_ts: 	 False
_num_tourney: 	 2
_num_win_loss: 	 1
verbose: 	 1
