rng: 	 Generator(PCG64)
model: 	 <class 'LGP.LGP.LGP'>
model_param: 	 <LGP.parameters.Parameters object at 0x000001C59AFD0F10>
parent_selection_method: 	 <function parent_tourney_selection at 0x000001C564740A60>
survivor_selection_method: 	 <function survivor_tourney_selection at 0x000001C564740B80>
_num_eval_per_gen: 	 1000
mut_rate: 	 1
recomb_rate: 	 0.2
dataX: 	 [[2.61612134 4.40504519]
 [2.98491143 3.02303366]
 [0.91915942 2.85432606]
 [1.87901073 0.59434865]
 [0.55146627 2.09059719]
 [5.62265663 0.64024231]
 [1.50062263 1.84802684]
 [6.83064822 0.52732143]
 [3.45960666 0.86115815]
 [5.11065974 2.54928775]
 [3.18146601 4.46603475]
 [1.04543558 4.06004929]
 [5.93443518 1.92594975]
 [4.38186166 2.89277924]
 [6.13716938 0.03186771]
 [6.92518132 2.05021732]
 [3.39025375 2.57818678]
 [1.00703602 1.17625603]
 [4.56430621 2.44660096]
 [1.81206226 2.4125021 ]
 [6.03805517 1.53194317]
 [1.12632855 3.90606937]
 [0.19910749 5.68828148]
 [6.20272408 2.67743163]
 [5.04014482 2.59461626]
 [5.06551492 1.53511493]
 [0.12831094 0.65704226]
 [4.45869879 2.70385473]
 [0.4901339  2.37422881]
 [3.89595284 0.760332  ]
 [5.23480788 0.42212971]
 [1.4796288  2.83462465]
 [2.09886526 4.87423395]]
dataY: 	 [1. 1. 0. 1. 0. 1. 1. 1. 1. 1. 1. 0. 1. 1. 1. 1. 1. 1. 1. 1. 1. 0. 0. 1.
 1. 1. 0. 1. 0. 1. 1. 1. 1.]
_num_parent_rs: 	 1000
_replacement_rs: 	 True
_tourney_size: 	 10
_replacement_ts: 	 False
_num_tourney: 	 2
_num_win_loss: 	 1
verbose: 	 1
