rng: 	 Generator(PCG64)
model: 	 <class 'LGP.LGP.LGP'>
model_param: 	 <LGP.parameters.Parameters object at 0x000001C59AFD0F10>
parent_selection_method: 	 <function parent_tourney_selection at 0x000001C564740A60>
survivor_selection_method: 	 <function survivor_tourney_selection at 0x000001C564740B80>
_num_eval_per_gen: 	 1000
mut_rate: 	 1
recomb_rate: 	 0.2
dataX: 	 [[8.14225741 6.13327676]
 [7.28560527 9.61869958]
 [6.57433015 7.70660229]
 [6.69297299 6.68690759]
 [9.67435952 7.93755415]
 [8.9120941  6.20754085]
 [7.75563942 3.85640117]
 [9.24216897 8.04585066]
 [6.93758842 5.4678698 ]
 [8.84449674 6.05159165]
 [6.79811461 9.67697983]
 [8.49236324 0.43987692]
 [6.44436269 8.82692653]
 [8.62117985 5.48691376]
 [8.9224011  1.05480477]
 [8.29356126 9.0684002 ]
 [7.01949476 9.43910766]
 [8.97734147 6.4078186 ]
 [8.35183205 3.60097533]
 [9.7367877  0.869161  ]
 [7.65883314 5.88490804]
 [8.32996964 9.60528761]
 [9.37343144 4.22540838]
 [7.50396594 2.95420007]
 [9.64761809 5.17947682]
 [6.89027137 4.93177667]
 [9.27166935 1.11764988]
 [7.84564857 1.95763503]
 [8.27466943 0.13991021]
 [9.81883343 9.08186794]]
dataY: 	 [1. 0. 0. 0. 0. 1. 1. 0. 0. 1. 0. 1. 0. 1. 1. 0. 0. 1. 1. 1. 0. 0. 1. 1.
 1. 0. 1. 1. 1. 0.]
_num_parent_rs: 	 1000
_replacement_rs: 	 True
_tourney_size: 	 10
_replacement_ts: 	 False
_num_tourney: 	 2
_num_win_loss: 	 1
verbose: 	 1
