rng: 	 Generator(PCG64)
model: 	 <class 'LGP.LGP.LGP'>
model_param: 	 <LGP.parameters.Parameters object at 0x000001C59AFD0F10>
parent_selection_method: 	 <function parent_tourney_selection at 0x000001C564740A60>
survivor_selection_method: 	 <function survivor_tourney_selection at 0x000001C564740B80>
_num_eval_per_gen: 	 1000
mut_rate: 	 1
recomb_rate: 	 0.2
dataX: 	 [[6.00100526 9.0963301 ]
 [2.74969368 5.63023183]
 [4.32630791 4.56720122]
 [4.22784673 9.03327927]
 [6.33184399 8.66972964]
 [3.91624833 9.76636493]
 [1.8725257  6.14627949]
 [4.70909885 8.24030977]
 [1.07207308 7.92451104]
 [2.01907448 9.74481837]
 [4.06542398 5.59377188]
 [5.16578194 7.13639031]
 [4.98056055 6.70904315]
 [5.22828504 4.65594312]
 [2.16223391 8.18287253]
 [0.3860413  9.6778483 ]
 [3.85095134 6.97323345]
 [5.92062011 4.6996588 ]
 [4.07194358 6.26475736]
 [1.96169912 6.92795474]
 [1.71777015 8.91381373]
 [0.99411118 7.10505586]
 [4.50584536 7.38442551]
 [4.88498573 9.72717054]
 [5.74466498 6.51103385]
 [6.17272137 9.51713921]
 [2.26626063 6.77578099]
 [5.55096679 9.13743841]
 [0.42011789 7.36897986]
 [2.9615     8.82176796]
 [2.9662633  8.29319498]
 [0.09805349 9.62818662]
 [1.10367592 7.89253644]
 [0.57455179 7.27831199]
 [3.18392999 7.14777183]
 [3.66039057 7.45204063]
 [0.06785466 6.99594463]]
dataY: 	 [0. 1. 1. 0. 0. 0. 0. 0. 0. 0. 1. 0. 0. 0. 0. 0. 0. 0. 0. 0. 0. 0. 0. 0.
 0. 0. 0. 0. 0. 0. 0. 0. 0. 0. 0. 0. 0.]
_num_parent_rs: 	 1000
_replacement_rs: 	 True
_tourney_size: 	 10
_replacement_ts: 	 False
_num_tourney: 	 2
_num_win_loss: 	 1
verbose: 	 1
