rng: 	 Generator(PCG64)
model: 	 <class 'LGP.LGP.LGP'>
model_param: 	 <LGP.parameters.Parameters object at 0x000001C5748C8670>
parent_selection_method: 	 <function parent_tourney_selection at 0x000001C564740A60>
survivor_selection_method: 	 <function survivor_tourney_selection at 0x000001C564740B80>
_num_eval_per_gen: 	 1000
mut_rate: 	 1
recomb_rate: 	 0.2
dataX: 	 [[8.14225741 6.13327676]
 [6.00100526 9.0963301 ]
 [7.28560527 9.61869958]
 [6.57433015 7.70660229]
 [6.69297299 6.68690759]
 [4.22784673 9.03327927]
 [6.33184399 8.66972964]
 [9.67435952 7.93755415]
 [3.91624833 9.76636493]
 [8.9120941  6.20754085]
 [7.75563942 3.85640117]
 [9.24216897 8.04585066]
 [4.70909885 8.24030977]
 [6.93758842 5.4678698 ]
 [2.01907448 9.74481837]
 [8.84449674 6.05159165]
 [6.79811461 9.67697983]
 [6.44436269 8.82692653]
 [4.06542398 5.59377188]
 [5.16578194 7.13639031]
 [8.62117985 5.48691376]
 [8.9224011  1.05480477]
 [8.29356126 9.0684002 ]
 [4.98056055 6.70904315]
 [5.22828504 4.65594312]
 [2.16223391 8.18287253]
 [0.3860413  9.6778483 ]
 [7.01949476 9.43910766]
 [8.97734147 6.4078186 ]
 [8.35183205 3.60097533]
 [3.85095134 6.97323345]
 [9.7367877  0.869161  ]
 [5.92062011 4.6996588 ]
 [7.65883314 5.88490804]
 [4.07194358 6.26475736]
 [1.71777015 8.91381373]
 [8.32996964 9.60528761]
 [4.50584536 7.38442551]
 [4.88498573 9.72717054]
 [9.37343144 4.22540838]
 [7.50396594 2.95420007]
 [5.74466498 6.51103385]
 [6.17272137 9.51713921]
 [9.64761809 5.17947682]
 [6.89027137 4.93177667]
 [5.55096679 9.13743841]
 [2.9615     8.82176796]
 [9.27166935 1.11764988]
 [7.84564857 1.95763503]
 [2.9662633  8.29319498]
 [9.81883343 9.08186794]
 [3.18392999 7.14777183]
 [3.66039057 7.45204063]]
dataY: 	 [1. 0. 0. 0. 0. 0. 0. 0. 0. 1. 1. 0. 0. 0. 0. 1. 0. 0. 1. 0. 1. 1. 0. 0.
 0. 0. 0. 0. 1. 1. 0. 1. 0. 0. 0. 0. 0. 0. 0. 1. 1. 0. 0. 1. 0. 0. 0. 1.
 1. 0. 0. 0. 0.]
_num_parent_rs: 	 1000
_replacement_rs: 	 True
_tourney_size: 	 10
_replacement_ts: 	 False
_num_tourney: 	 2
_num_win_loss: 	 1
verbose: 	 1
